FILE: gs250c-2
250 250 0
1 14198 1680 1446 1082 1142 1236 1093 1735 1781 1395 1778 1021 1434 1305 1238 1669 1587 1986 1484 1947 1060 1616 1562 1477 1170 1172 1246 1317 1135 1352 1911 1437 1246 1159 1396 1269 1860 1073 1123 1473 1720 1201 1258 1580 1647 1330 1192 1670 1134 1269 1128 1743 1872 1402 1051 1924 1733 1852 1866 1182 1257 1159 1981 1704 1155 1886 1121 1578 1872 1053 1649 1953 1745 1805 1179 1327 1764 1228 1765 1107 1501 1711 1435 1125 1210 1761 1369 1236 1640 1682 1489 1673 1598 1023 1742 1314 1784 1194 1872 1506 1931 1169 1940 1617 1784 1671 1392 1957 1953 1750 1952 1241 1155 1162 1107 1233 1904 1452 1489 1744 1146 1145 1919 1624 1903 1961 1394 1919 1431 1447 1805 1836 1945 1946 1672 1686 1423 1296 1656 1447 1535 1178 1156 1114 1219 1503 1754 1488 1941 1766 1791 1562 1165 1754 1869 1153 1070 1520 1541 1953 1045 1040 1983 1629 1978 1439 1927 1164 1901 1211 1634 1052 1990 1326 1187 1549 1473 1644 1892 1592 1463 1524 1060 1583 1264 1051 1956 1657 1159 1781 1196 1628 1234 1402 1375 1228 1251 1237 1194 1834 1115 1973 1897 1312 1953 1539 1259 1151 1351 1528 1943 1529 1770 1079 1487 1481 1668 1614 1702 1816 1381 1353 1778 1941 1263 1990 1855 1257 1143 1457 1368 1262 1618 1175 1922 1046 1214 1694 1994 1307 1947 1130 1236 1564 1316 1314 1671 1714 1260 1049 1539 
2 15882 1446 1107 1379 1110 1669 1051 1293 1206 1622 1185 1749 1750 1796 1619 1439 1092 1355 1722 1197 1418 1183 1009 1453 1005 1243 1714 1646 1615 1519 1575 1993 1803 1216 1861 1532 1423 1368 1175 1833 1116 1509 1068 1294 1047 1564 1985 1418 1697 1620 1580 1988 1967 1728 1941 1535 1391 1393 1732 1020 1730 1914 1808 1115 1735 1222 1325 1015 1355 1378 1868 1162 1177 1386 1638 1804 1372 1474 1235 1797 1931 1506 1049 1536 1480 1671 1804 1443 1441 1123 1292 1914 1833 1700 1809 1117 1484 1410 1339 1565 1948 1820 1018 1862 1892 1004 1897 1523 1246 1218 1550 1293 1897 1956 1543 1842 1203 1525 1315 1276 1109 1823 1477 1338 1146 1458 1083 1730 1106 1867 1895 1449 1652 1595 1170 1548 1665 1391 1003 1225 1593 1268 1762 1651 1603 1197 1637 1440 1790 1580 1848 1165 1253 1163 1521 1832 1299 1550 1793 1717 1562 1957 1146 1464 1323 1386 1527 1866 1810 1861 1272 1216 1748 1877 1362 1652 1963 1736 1058 1392 1298 1910 1431 1269 1641 1098 1819 1467 1327 1121 1757 1871 1718 1328 1397 1940 1223 1657 1946 1493 1545 1006 1173 1333 1447 1078 1497 1104 1797 1360 1692 1295 1193 1371 1751 1783 1943 1859 1918 1846 1671 1095 1451 1019 1349 1911 1112 1738 1019 1654 1940 1138 1997 1700 1335 1945 1837 1689 1970 1850 1833 1140 1581 1273 1347 1597 1149 1930 1739 1962 1525 
3 11032 1082 1379 1181 1178 1006 1018 1135 1914 1910 1249 1787 1402 1680 1539 1196 1098 1540 1951 1467 1305 1240 1760 1703 1427 1920 1985 1036 1007 1625 1966 1513 1203 1502 1903 1109 1859 1208 1754 1662 1830 1567 1396 1007 1711 1992 1467 1081 1639 1729 1782 1296 1305 1423 1740 1947 1852 1065 1619 1946 1799 1832 1176 1657 1660 1865 1443 1116 1406 1502 1148 1422 1430 1014 1634 1565 1168 1359 1725 1494 1039 1997 1401 1686 1849 1290 1723 1010 1329 1525 1895 1165 1952 1081 1877 1466 1691 1788 1451 1269 1869 1987 1149 1814 1770 1341 1949 1756 1145 1920 1146 1187 1298 1597 1300 1407 1876 1270 1675 1244 1052 1966 1065 1190 1228 1340 1420 1144 1935 1604 1186 1041 1079 1419 1740 1143 1183 1790 1857 1279 1793 1470 1594 1816 1696 1937 1505 1637 1110 1446 1595 1908 1498 1212 1910 1924 1169 1232 1185 1802 1315 1796 1438 1311 1650 1212 1933 1620 1287 1764 1406 1239 1045 1461 1965 1944 1796 1581 1571 1956 1053 1559 1510 1165 1423 1240 1745 1675 1097 1035 1581 1454 1033 1010 1528 1364 1973 1432 1773 1362 1980 1818 1175 1148 1614 1999 1185 1039 1439 1251 1586 1353 1989 1006 1481 1086 1865 1186 1415 1160 1119 1687 1053 1024 1571 1043 1309 1892 1226 1806 1334 1393 1440 1666 1276 1925 1997 1849 1214 1478 1752 1824 1168 1224 1985 1839 1597 1648 1145 1341 1295 
4 14984 1142 1110 1178 1120 1778 1074 1339 1696 1851 1166 1993 1364 1714 1724 1644 1127 1177 1350 1894 1470 1432 1041 1540 1138 1333 1466 1368 1886 1769 1983 1734 1863 1152 1294 1218 1767 1558 1149 1134 1453 1546 1013 1170 1124 1194 1081 1950 1783 1378 1571 1786 1091 1823 1686 1415 1285 1968 1162 1994 1322 1160 1791 1133 1901 1224 1849 1253 1509 1931 1815 1050 1169 1395 1298 1335 1025 1939 1574 1054 1431 1449 1641 1737 1699 1755 1202 1196 1160 1075 1467 1715 1702 1034 1206 1541 1422 1317 1932 1944 1575 1458 1639 1633 1454 1823 1998 1804 1369 1300 1403 1604 1375 1729 1798 1292 1914 1618 1671 1884 1014 1156 1126 1550 1216 1069 1444 1559 1871 1345 1042 1037 1977 1355 1220 1339 1197 1410 1621 1300 1234 1281 1799 1155 1199 1712 1808 1398 1137 1455 1209 1384 1376 1869 1412 1927 1837 1600 1753 1696 1975 1383 1213 1684 1506 1496 1188 1525 1569 1892 1209 1953 1485 1546 1027 1169 1771 1049 1969 1413 1553 1970 1961 1510 1059 1030 1131 1676 1317 1617 1410 1366 1739 1659 1009 1444 1736 1411 1205 1458 1023 1162 1332 1296 1766 1414 1380 1012 1237 1547 1111 1098 1124 1519 1103 1981 1155 1609 1622 1037 1191 1766 1727 1889 1452 1558 1524 1283 1022 1285 1963 1310 1292 1269 1094 1273 1500 1858 1183 1960 1027 1169 1593 1621 1597 1116 1845 1421 1038 1734 1752 
5 16544 1236 1669 1006 1778 1774 1351 1043 1493 1685 1620 1384 1571 1501 1960 1186 1160 1391 1419 1129 1231 1895 1510 1793 1191 1852 1034 1308 1557 1497 1431 1425 1363 1365 1687 1920 1578 1165 1330 1732 1310 1287 1545 1748 1087 1088 1935 1629 1991 1617 1973 1601 1923 1937 1658 1599 1791 1702 1419 1680 1886 1134 1792 1115 1244 1071 1909 1058 1267 1240 1320 1197 1380 1391 1184 1303 1014 1483 1364 1079 1695 1546 1449 1208 1512 1397 1246 1019 1754 1851 1754 1661 1996 1594 1180 1217 1409 1376 1996 1628 1585 1659 1592 1872 1648 1410 1550 1270 1942 1165 1058 1353 1069 1038 1522 1178 1563 1823 1872 1503 1978 1851 1628 1739 1679 1751 1234 1063 1106 1777 1699 1624 1800 1863 1074 1224 1966 1038 1806 1400 1868 1395 1484 1300 1817 1232 1020 1268 1049 1548 1793 1534 1267 1539 1786 1929 1135 1253 1251 1019 1494 1057 1927 1569 1588 1073 1350 1749 1092 1252 1277 1975 1194 1216 1766 1800 1547 1549 1932 1770 1349 1683 1921 1624 1333 1031 1127 1780 1970 1536 1180 1479 1634 1275 1745 1521 1034 1294 1661 1978 1690 1309 1441 1809 1729 1451 1682 1765 1777 1693 1399 1505 1248 1122 1826 1318 1794 1725 1710 1371 1196 1812 1630 1872 1495 1776 1374 1065 1624 1309 1903 1469 1332 1747 1933 1247 1688 1705 1669 1137 1927 1645 1721 1826 1940 1542 1731 1191 1173 1299 1746 
6 13139 1093 1051 1018 1074 1351 1231 1077 1864 1654 1954 1184 1191 1321 1253 1684 1630 1813 1493 1385 1544 1166 1692 1364 1819 1891 1327 1672 1354 1616 1020 1397 1519 1850 1900 1714 1606 1748 1900 1109 1804 1317 1791 1405 1729 1937 1223 1766 1050 1633 1557 1324 1222 1973 1770 1594 1880 1030 1210 1320 1908 1292 1494 1925 1726 1932 1311 1211 1815 1349 1432 1463 1024 1380 1693 1624 1679 1096 1241 1683 1029 1582 1813 1947 1070 1606 1354 1345 1256 1592 1718 1415 1152 1800 1771 1145 1546 1107 1648 1313 1055 1319 1466 1481 1759 1395 1256 1310 1885 1509 1420 1344 1089 1345 1457 1917 1349 1535 1285 1346 1008 1644 1899 1067 1009 1617 1669 1858 1828 1075 1061 1824 1164 1395 1044 1281 1896 1946 1980 1213 1351 1420 1280 1441 1408 1639 1590 1178 1474 1762 1810 1109 1854 1286 1704 1665 1560 1752 1411 1644 1079 1569 1604 1829 1136 1844 1615 1766 1981 1648 1270 1362 1234 1603 1747 1445 1820 1210 1221 1956 1019 1819 1580 1925 1166 1646 1994 1881 1042 1746 1624 1867 1462 1350 1239 1694 1123 1463 1036 1619 1216 1145 1439 1070 1850 1364 1154 1609 1816 1837 1264 1758 1711 1770 1655 1868 1975 1887 1536 1667 1847 1671 1346 1669 1795 1213 1832 1068 1430 1582 1569 1303 1457 1116 1708 1930 1669 1540 1238 1968 1542 1331 1539 1373 1437 1210 1500 1792 1966 1202 1000 
7 12569 1735 1293 1135 1339 1043 1077 1525 1128 1017 1976 1552 1984 1158 1879 1522 1062 1881 1064 1220 1268 1200 1815 1319 1500 1145 1337 1801 1531 1773 1870 1237 1265 1986 1334 1480 1813 1965 1164 1780 1253 1486 1494 1865 1519 1897 1337 1017 1294 1048 1929 1673 1340 1947 1882 1583 1144 1426 1314 1052 1310 1600 1600 1309 1593 1390 1911 1517 1977 1916 1187 1475 1710 1006 1711 1521 1706 1634 1935 1691 1202 1549 1705 1645 1104 1887 1567 1400 1901 1038 1276 1411 1572 1558 1195 1006 1382 1397 1721 1731 1979 1244 1401 1627 1697 1238 1896 1964 1464 1862 1443 1477 1239 1272 1982 1616 1362 1865 1588 1868 1735 1345 1383 1650 1252 1093 1569 1839 1352 1097 1745 1432 1138 1246 1167 1410 1939 1249 1098 1294 1744 1980 1918 1461 1392 1510 1130 1727 1946 1629 1945 1237 1139 1116 1576 1197 1315 1557 1915 1473 1755 1986 1743 1588 1801 1125 1122 1154 1698 1511 1149 1266 1528 1292 1693 1889 1178 1963 1300 1772 1721 1838 1917 1916 1138 1527 1576 1136 1760 1208 1711 1732 1372 1966 1256 1822 1350 1991 1190 1347 1763 1905 1662 1294 1828 1010 1385 1161 1643 1736 1426 1202 1584 1053 1068 1470 1286 1161 1887 1207 1614 1211 1712 1594 1518 1347 1610 1414 1196 1860 1571 1631 1455 1714 1030 1445 1689 1252 1892 1834 1369 1341 1221 1126 1461 1743 1239 1621 1673 1006 1793 
8 18071 1781 1206 1914 1696 1493 1864 1128 1938 1635 1957 1194 1038 1843 1908 1299 1781 1653 1751 1804 1628 1631 1428 1444 1186 1041 1393 1622 1464 1696 1181 1307 1310 1284 1555 1244 1915 1457 1360 1989 1822 1458 1766 1824 1307 1577 1037 1069 1578 1200 1493 1823 1665 1753 1813 1674 1425 1306 1348 1393 1572 1126 1583 1166 1120 1957 1422 1374 1163 1314 1435 1462 1389 1563 1740 1930 1234 1074 1664 1973 1095 1234 1843 1799 1481 1585 1922 1170 1545 1885 1498 1173 1865 1362 1484 1779 1913 1951 1526 1200 1098 1786 1645 1592 1792 1738 1760 1117 1257 1270 1237 1915 1865 1397 1130 1000 1524 1038 1274 1627 1715 1519 1867 1144 1048 1540 1724 1878 1741 1358 1835 1069 1931 1486 1401 1401 1216 1681 1990 1145 1346 1504 1985 1456 1458 1236 1962 1849 1771 1427 1169 1394 1135 1858 1758 1645 1356 1204 1922 1852 1687 1180 1599 1482 1406 1433 1893 1566 1878 1991 1876 1929 1002 1523 1921 1813 1473 1205 1228 1928 1731 1476 1688 1478 1037 1455 1756 1169 1556 1303 1481 1747 1865 1322 1348 1097 1799 1054 1092 1422 1024 1178 1141 1543 1258 1479 1836 1859 1538 1662 1100 1972 1444 1314 1694 1541 1685 1773 1728 1367 1946 1193 1583 1265 1420 1598 1894 1731 1913 1180 1753 1959 1933 1656 1794 1215 1677 1931 1304 1124 1316 1873 1031 1875 1483 1476 1831 1901 1371 1178 1821 
9 10470 1395 1622 1910 1851 1685 1654 1017 1635 1355 1636 1193 1761 1531 1726 1330 1353 1088 1051 1410 1823 1915 1745 1123 1330 1355 1844 1679 1794 1499 1012 1753 1685 1948 1905 1523 1534 1422 1945 1465 1170 1145 1800 1055 1252 1405 1332 1030 1090 1191 1311 1377 1319 1311 1673 1697 1430 1917 1590 1098 1710 1812 1156 1282 1608 1476 1947 1977 1070 1194 1254 1370 1858 1206 1260 1697 1406 1282 1947 1649 1227 1622 1011 1753 1405 1494 1571 1367 1212 1521 1946 1477 1371 1008 1289 1914 1006 1230 1357 1181 1797 1075 1190 1527 1384 1963 1996 1426 1551 1433 1009 1125 1203 1311 1609 1415 1696 1866 1480 1266 1529 1856 1096 1515 1932 1876 1303 1226 1396 1908 1295 1903 1658 1484 1745 1209 1182 1369 1395 1331 1668 1159 1862 1676 1613 1722 1967 1022 1465 1863 1345 1807 1392 1142 1630 1693 1203 1231 1995 1077 1453 1737 1329 1694 1254 1873 1820 1969 1840 1910 1250 1283 1397 1794 1756 1800 1211 1847 1357 1016 1639 1951 1018 1683 1967 1129 1544 1270 1652 1924 1068 1607 1006 1476 1430 1884 1840 1722 1218 1643 1100 1603 1762 1933 1033 1702 1848 1279 1904 1210 1452 1619 1803 1626 1257 1872 1576 1102 1241 1289 1401 1834 1132 1237 1042 1416 1978 1587 1329 1544 1651 1348 1866 1995 1535 1715 1528 1279 1200 1173 1757 1869 1337 1832 1196 1419 1726 1630 1699 1872 1531 
10 15746 1778 1185 1249 1166 1620 1954 1976 1957 1636 1230 1873 1703 1670 1705 1378 1759 1696 1289 1884 1736 1481 1192 1167 1581 1842 1488 1953 1782 1827 1991 1410 1500 1442 1717 1888 1995 1496 1970 1786 1627 1729 1575 1983 1202 1888 1292 1715 1965 1885 1945 1317 1997 1722 1293 1729 1319 1309 1179 1180 1468 1864 1983 1952 1835 1013 1917 1624 1542 1288 1180 1719 1151 1141 1528 1138 1958 1157 1260 1311 1192 1612 1178 1450 1864 1029 1537 1822 1574 1894 1519 1452 1041 1189 1267 1143 1643 1893 1006 1250 1750 1109 1278 1078 1131 1976 1838 1343 1206 1024 1220 1581 1445 1114 1527 1920 1673 1645 1451 1121 1576 1154 1086 1288 1187 1991 1533 1166 1631 1210 1849 1420 1908 1339 1366 1804 1001 1183 1908 1635 1087 1314 1941 1472 1135 1410 1183 1398 1666 1093 1716 1828 1961 1428 1112 1240 1501 1736 1626 1732 1914 1872 1969 1818 1211 1643 1705 1364 1600 1492 1800 1082 1647 1138 1345 1462 1078 1300 1998 1582 1992 1176 1171 1680 1774 1837 1487 1892 1484 1173 1549 1085 1011 1572 1542 1160 1762 1964 1711 1762 1176 1414 1231 1781 1841 1885 1513 1558 1498 1364 1477 1206 1706 1980 1809 1944 1463 1282 1754 1859 1541 1335 1459 1998 1848 1780 1404 1193 1568 1530 1957 1529 1380 1240 1573 1864 1527 1226 1682 1303 1022 1967 1782 1032 1770 1871 1782 1417 1884 1447 1117 
11 17863 1021 1749 1787 1993 1384 1184 1552 1194 1193 1873 1985 1531 1673 1780 1757 1749 1045 1697 1543 1846 1171 1728 1272 1046 1857 1491 1472 1113 1245 1767 1687 1250 1732 1853 1050 1497 1396 1429 1300 1794 1431 1350 1036 1355 1660 1265 1476 1516 1611 1481 1509 1701 1238 1956 1316 1684 1768 1856 1347 1781 1750 1554 1935 1141 1803 1497 1321 1787 1114 1841 1378 1570 1212 1259 1818 1682 1048 1823 1151 1894 1906 1385 1192 1165 1200 1338 1384 1792 1649 1182 1732 1744 1904 1796 1613 1344 1125 1818 1262 1950 1556 1045 1193 1801 1630 1253 1364 1667 1620 1354 1333 1481 1389 1283 1225 1588 1254 1531 1754 1786 1497 1724 1110 1798 1567 1160 1975 1347 1485 1706 1459 1479 1498 1963 1226 1295 1510 1102 1610 1747 1316 1288 1979 1655 1175 1078 1147 1603 1754 1725 1109 1865 1968 1769 1873 1020 1758 1842 1683 1419 1327 1079 1405 1146 1871 1050 1364 1641 1336 1609 1401 1639 1232 1587 1452 1576 1036 1705 1404 1123 1209 1639 1540 1008 1371 1634 1317 1770 1650 1570 1801 1611 1751 1889 1499 1005 1763 1291 1899 1210 1246 1607 1487 1344 1621 1746 1522 1184 1400 1129 1348 1343 1287 1524 1542 1978 1674 1669 1647 1686 1574 1603 1804 1753 1513 1115 1045 1392 1420 1204 1532 1153 1036 1961 1525 1141 1890 1788 1365 1200 1351 1349 1237 1738 1810 1164 1019 1315 1501 1252 
12 19715 1434 1750 1402 1364 1571 1191 1984 1038 1761 1703 1531 1691 1017 1730 1570 1458 1026 1772 1255 1922 1240 1836 1367 1403 1157 1565 1077 1592 1604 1269 1563 1130 1630 1392 1235 1065 1755 1871 1279 1343 1130 1797 1306 1987 1621 1275 1386 1120 1358 1904 1246 1493 1783 1767 1918 1674 1716 1347 1613 1540 1484 1277 1106 1255 1633 1319 1413 1363 1260 1491 1037 1168 1498 1744 1573 1057 1185 1089 1942 1913 1233 1586 1042 1285 1759 1107 1102 1461 1478 1266 1507 1110 1408 1430 1387 1644 1413 1220 1747 1952 1614 1400 1415 1675 1197 1569 1602 1666 1665 1556 1336 1795 1033 1924 1572 1758 1040 1499 1243 1042 1863 1311 1041 1708 1409 1878 1208 1141 1681 1218 1120 1431 1265 1505 1940 1531 1475 1776 1126 1861 1171 1592 1073 1503 1796 1058 1674 1653 1650 1115 1073 1473 1947 1502 1403 1019 1677 1301 1776 1376 1800 1466 1322 1684 1817 1245 1546 1185 1236 1902 1786 1968 1973 1643 1063 1555 1215 1155 1088 1992 1771 1659 1728 1595 1463 1892 1686 1012 1557 1912 1704 1758 1793 1150 1049 1873 1030 1590 1574 1866 1041 1514 1131 1596 1495 1687 1622 1252 1639 1417 1465 1080 1742 1368 1752 1026 1800 1563 1892 1936 1552 1455 1013 1477 1337 1485 1902 1444 1820 1042 1768 1587 1108 1211 1612 1636 1315 1234 1474 1674 1075 1074 1359 1502 1057 1008 1093 1170 1002 1631 
13 19266 1305 1796 1680 1714 1501 1321 1158 1843 1531 1670 1673 1017 1322 1320 1203 1128 1506 1768 1718 1389 1122 1260 1632 1283 1137 1309 1624 1590 1259 1172 1323 1748 1685 1186 1391 1231 1125 1367 1877 1109 1209 1772 1242 1602 1981 1675 1963 1882 1598 1075 1129 1925 1913 1578 1925 1677 1092 1175 1413 1330 1916 1957 1525 1979 1929 1289 1661 1448 1095 1478 1805 1560 1107 1467 1571 1637 1007 1590 1071 1513 1286 1906 1027 1830 1107 1160 1015 1915 1807 1890 1272 1005 1341 1720 1945 1109 1829 1360 1209 1285 1843 1353 1152 1615 1609 1101 1827 1659 1773 1191 1398 1666 1888 1563 1753 1331 1274 1546 1529 1368 1416 1298 1924 1693 1550 1667 1215 1485 1593 1030 1393 1920 1078 1113 1809 1848 1242 1344 1251 1197 1936 1761 1341 1392 1499 1005 1679 1561 1262 1435 1624 1814 1837 1895 1124 1378 1838 1158 1501 1862 1208 1585 1600 1442 1791 1032 1201 1240 1313 1523 1112 1690 1431 1740 1831 1148 1998 1848 1209 1559 1206 1680 1989 1437 1769 1838 1659 1952 1783 1712 1500 1401 1443 1971 1249 1840 1256 1542 1282 1179 1913 1619 1712 1482 1478 1725 1332 1798 1044 1363 1778 1271 1518 1291 1844 1827 1692 1936 1346 1212 1244 1003 1439 1667 1848 1786 1791 1016 1026 1233 1536 1456 1911 1273 1386 1822 1575 1467 1837 1611 1078 1480 1851 1548 1893 1434 1940 1980 1865 1657 
14 10350 1238 1619 1539 1724 1960 1253 1879 1908 1726 1705 1780 1730 1320 1861 1360 1860 1077 1634 1754 1287 1708 1773 1937 1847 1981 1273 1959 1779 1497 1869 1503 1874 1869 1264 1322 1781 1927 1150 1307 1432 1559 1299 1333 1123 1604 1508 1552 1271 1705 1680 1274 1386 1513 1822 1105 1286 1165 1234 1490 1089 1441 1683 1323 1012 1486 1838 1779 1507 1534 1739 1016 1763 1515 1592 1918 1115 1967 1669 1524 1379 1144 1593 1302 1652 1749 1782 1928 1606 1168 1351 1717 1810 1645 1235 1379 1102 1273 1823 1233 1556 1231 1887 1559 1063 1154 1075 1224 1069 1065 1767 1258 1482 1748 1562 1512 1309 1992 1175 1084 1021 1599 1042 1637 1206 1567 1399 1295 1520 1350 1114 1251 1479 1609 1070 1756 1123 1351 1369 1639 1076 1872 1130 1019 1036 1399 1186 1362 1238 1849 1431 1534 1900 1602 1133 1026 1198 1698 1957 1976 1800 1367 1010 1179 1487 1291 1672 1707 1891 1514 1502 1329 1884 1393 1993 1354 1652 1513 1469 1087 1978 1957 1888 1520 1769 1848 1854 1441 1361 1557 1597 1610 1632 1503 1220 1145 1444 1931 1981 1795 1469 1582 1907 1242 1898 1665 1496 1091 1099 1037 1821 1708 1721 1987 1787 1563 1309 1542 1841 1222 1929 1696 1912 1663 1861 1472 1856 1058 1873 1213 1194 1683 1118 1024 1425 1109 1180 1756 1687 1336 1299 1449 1059 1025 1318 1638 1276 1469 1359 1420 1138 
15 14899 1669 1439 1196 1644 1186 1684 1522 1299 1330 1378 1757 1570 1203 1360 1791 1700 1404 1886 1491 1517 1440 1610 1952 1854 1412 1315 1255 1842 1301 1439 1445 1763 1518 1482 1335 1758 1407 1618 1274 1642 1412 1321 1913 1749 1195 1145 1491 1182 1478 1309 1678 1412 1896 1273 1514 1600 1643 1917 1452 1568 1189 1527 1068 1818 1850 1198 1441 1503 1492 1850 1752 1762 1155 1488 1122 1326 1867 1870 1231 1788 1447 1244 1739 1463 1557 1298 1050 1230 1802 1997 1437 1267 1148 1444 1077 1082 1449 1437 1012 1757 1351 1865 1571 1793 1372 1616 1293 1481 1416 1131 1869 1195 1530 1283 1144 1507 1162 1722 1707 1554 1708 1343 1096 1532 1642 1047 1159 1747 1986 1433 1595 1122 1425 1588 1204 1559 1837 1634 1888 1076 1510 1171 1918 1111 1853 1302 1520 1914 1855 1359 1288 1414 1089 1024 1469 1490 1542 1970 1656 1037 1039 1700 1897 1732 1563 1726 1785 1917 1230 1752 1527 1500 1224 1019 1549 1277 1446 1455 1651 1582 1187 1806 1252 1680 1579 1390 1756 1800 1127 1631 1565 1208 1095 1035 1779 1253 1017 1765 1099 1756 1138 1463 1986 1679 1038 1481 1588 1462 1249 1179 1476 1942 1116 1442 1714 1258 1715 1075 1308 1648 1080 1229 1542 1545 1542 1515 1258 1881 1449 1975 1590 1994 1052 1538 1197 1065 1840 1146 1518 1468 1104 1192 1091 1957 1005 1427 1447 1082 1944 1992 
16 16371 1587 1092 1098 1127 1160 1630 1062 1781 1353 1759 1749 1458 1128 1860 1700 1756 1492 1742 1898 1367 1680 1500 1510 1343 1925 1406 1359 1582 1371 1032 1247 1645 1923 1386 1478 1130 1761 1494 1749 1120 1625 1699 1878 1117 1618 1335 1408 1374 1858 1933 1598 1022 1710 1627 1863 1900 1919 1889 1161 1501 1401 1280 1382 1935 1985 1352 1263 1311 1879 1366 1857 1455 1150 1983 1092 1361 1995 1579 1443 1286 1081 1344 1268 1891 1742 1820 1806 1341 1309 1037 1409 1765 1353 1898 1001 1984 1134 1976 1324 1907 1018 1368 1982 1519 1163 1780 1828 1844 1238 1483 1723 1804 1470 1297 1185 1384 1793 1280 1980 1987 1380 1243 1171 1418 1343 1784 1662 1370 1880 1972 1769 1845 1648 1344 1842 1399 1653 1376 1485 1623 1419 1084 1381 1774 1740 1899 1286 1944 1784 1490 1184 1692 1825 1682 1172 1535 1396 1117 1078 1205 1142 1837 1362 1084 1145 1418 1317 1713 1015 1836 1114 1792 1514 1701 1710 1572 1013 1033 1163 1046 1545 1217 1375 1840 1741 1311 1794 1223 1441 1358 1118 1131 1245 1846 1523 1613 1790 1996 1439 1610 1049 1006 1424 1471 1406 1937 1156 1106 1816 1369 1065 1194 1808 1505 1663 1345 1632 1867 1073 1619 1316 1246 1808 1319 1919 1058 1329 1452 1770 1764 1398 1772 1963 1515 1783 1815 1885 1672 1323 1813 1082 1354 1895 1925 1216 1683 1316 1655 1410 1870 
17 17034 1986 1355 1540 1177 1391 1813 1881 1653 1088 1696 1045 1026 1506 1077 1404 1492 1894 1761 1807 1330 1476 1301 1311 1511 1654 1180 1690 1539 1411 1370 1773 1210 1008 1646 1071 1971 1665 1153 1218 1215 1806 1316 1358 1759 1746 1390 1618 1034 1247 1426 1342 1021 1835 1934 1226 1460 1302 1020 1025 1366 1271 1290 1970 1385 1266 1292 1577 1017 1162 1774 1973 1242 1437 1560 1421 1572 1129 1295 1194 1073 1910 1866 1438 1377 1165 1768 1205 1220 1510 1196 1297 1536 1625 1150 1078 1640 1837 1329 1917 1533 1337 1098 1409 1848 1446 1309 1044 1490 1844 1254 1460 1481 1146 1542 1961 1048 1764 1159 1431 1493 1424 1521 1320 1864 1280 1781 1851 1968 1999 1173 1097 1747 1753 1683 1102 1564 1497 1828 1677 1408 1461 1804 1060 1577 1249 1821 1058 1840 1459 1868 1866 1636 1222 1715 1185 1322 1573 1422 1822 1014 1063 1143 1407 1046 1506 1496 1405 1575 1281 1289 1056 1375 1084 1885 1418 1337 1545 1977 1160 1718 1613 1064 1258 1663 1111 1401 1268 1035 1372 1718 1307 1082 1368 1468 1415 1969 1222 1906 1454 1723 1522 1771 1194 1594 1347 1846 1742 1390 1391 1191 1975 1799 1117 1321 1132 1245 1330 1113 1224 1289 1077 1719 1403 1130 1288 1279 1972 1215 1057 1693 1168 1507 1976 1259 1389 1429 1415 1440 1018 1025 1174 1547 1495 1361 1395 1620 1797 1707 1152 1287 
18 19898 1484 1722 1951 1350 1419 1493 1064 1751 1051 1289 1697 1772 1768 1634 1886 1742 1761 1522 1619 1884 1989 1775 1226 1616 1211 1638 1702 1038 1243 1081 1428 1643 1217 1397 1984 1828 1016 1184 1313 1039 1993 1834 1399 1348 1341 1033 1877 1267 1782 1331 1461 1075 1724 1287 1617 1425 1544 1246 1376 1534 1161 1257 1697 1720 1537 1172 1283 1577 1285 1469 1259 1565 1023 1807 1617 1297 1635 1862 1839 1305 1102 1467 1595 1562 1048 1596 1926 1557 1667 1208 1830 1175 1182 1500 1631 1194 1489 1584 1071 1660 1157 1135 1494 1931 1420 1025 1065 1669 1330 1488 1403 1555 1729 1839 1546 1022 1184 1284 1652 1771 1555 1844 1346 1366 1348 1934 1111 1674 1494 1620 1637 1455 1745 1094 1530 1847 1301 1387 1291 1067 1860 1863 1964 1082 1725 1512 1370 1537 1134 1593 1322 1731 1466 1634 1738 1913 1482 1339 1047 1677 1255 1423 1803 1748 1942 1915 1912 1930 1063 1952 1374 1505 1438 1594 1949 1854 1434 1707 1654 1594 1683 1420 1497 1007 1937 1214 1352 1033 1190 1150 1383 1624 1755 1291 1922 1731 1422 1823 1215 1706 1386 1931 1925 1400 1060 1946 1816 1746 1478 1800 1517 1090 1397 1317 1768 1077 1788 1373 1064 1347 1858 1461 1092 1844 1258 1681 1879 1002 1644 1699 1046 1602 1228 1695 1086 1577 1503 1839 1055 1539 1765 1326 1608 1324 1623 1493 1757 1322 1120 1060 
19 12804 1947 1197 1467 1894 1129 1385 1220 1804 1410 1884 1543 1255 1718 1754 1491 1898 1807 1619 1882 1652 1018 1179 1571 1312 1203 1087 1564 1843 1080 1043 1957 1833 1768 1530 1267 1323 1849 1187 1923 1481 1975 1108 1005 1488 1815 1117 1033 1316 1378 1940 1073 1521 1226 1681 1947 1744 1626 1495 1829 1040 1160 1875 1011 1722 1834 1461 1106 1861 1209 1764 1489 1093 1591 1730 1246 1903 1803 1533 1406 1037 1588 1514 1759 1196 1147 1666 1017 1662 1873 1579 1613 1033 1788 1243 1914 1700 1729 1615 1138 1237 1808 1369 1740 1351 1177 1717 1566 1557 1636 1722 1541 1230 1105 1002 1187 1186 1497 1232 1737 1455 1026 1349 1138 1404 1472 1877 1721 1852 1449 1258 1812 1352 1190 1616 1081 1286 1892 1842 1891 1924 1148 1430 1447 1120 1503 1938 1009 1784 1650 1509 1965 1796 1319 1345 1035 1516 1373 1542 1393 1544 1144 1190 1984 1890 1558 1151 1825 1209 1050 1414 1555 1255 1830 1437 1038 1213 1510 1385 1284 1064 1635 1659 1467 1637 1148 1638 1337 1513 1309 1031 1796 1424 1121 1739 1916 1313 1769 1651 1190 1713 1123 1267 1294 1586 1828 1552 1136 1299 1010 1938 1477 1880 1138 1874 1915 1211 1059 1832 1488 1319 1756 1169 1706 1420 1843 1765 1276 1869 1336 1825 1303 1673 1737 1772 1255 1732 1944 1616 1465 1447 1046 1723 1460 1869 1500 1379 1888 1033 1759 1060 
20 13349 1060 1418 1305 1470 1231 1544 1268 1628 1823 1736 1846 1922 1389 1287 1517 1367 1330 1884 1652 1641 1845 1814 1802 1744 1929 1661 1139 1582 1431 1412 1195 1244 1676 1827 1988 1290 1640 1501 1661 1007 1814 1398 1510 1447 1721 1428 1870 1900 1109 1988 1131 1967 1363 1854 1670 1886 1156 1349 1985 1262 1879 1183 1803 1863 1880 1864 1451 1638 1029 1112 1262 1612 1669 1151 1311 1813 1455 1308 1253 1888 1128 1811 1538 1565 1754 1207 1802 1620 1454 1285 1701 1497 1164 1939 1972 1247 1444 1844 1006 1936 1884 1382 1713 1175 1121 1703 1954 1947 1012 1336 1333 1356 1989 1259 1622 1485 1117 1823 1598 1999 1913 1453 1581 1658 1423 1514 1452 1397 1621 1261 1425 1124 1632 1279 1366 1891 1835 1305 1933 1610 1360 1862 1313 1945 1022 1590 1856 1559 1209 1686 1361 1358 1776 1371 1323 1896 1453 1773 1898 1593 1819 1140 1882 1924 1358 1798 1480 1235 1634 1738 1153 1344 1122 1265 1304 1575 1714 1593 1119 1399 1442 1807 1304 1314 1444 1086 1035 1144 1704 1611 1875 1396 1603 1037 1960 1839 1802 1969 1219 1965 1498 1318 1921 1472 1577 1957 1321 1449 1708 1592 1697 1399 1884 1231 1544 1765 1474 1179 1226 1116 1285 1955 1850 1649 1695 1038 1647 1155 1362 1852 1653 1119 1560 1888 1953 1100 1662 1380 1287 1051 1803 1438 1280 1734 1261 1033 1104 1889 1579 1758 
21 18176 1616 1183 1240 1432 1895 1166 1200 1631 1915 1481 1171 1240 1122 1708 1440 1680 1476 1989 1018 1845 1308 1959 1763 1200 1477 1970 1763 1339 1936 1089 1538 1759 1016 1113 1825 1371 1112 1967 1009 1029 1144 1954 1516 1968 1360 1954 1320 1914 1147 1629 1467 1131 1996 1146 1026 1205 1285 1462 1360 1837 1029 1694 1148 1421 1257 1603 1037 1701 1178 1743 1348 1282 1776 1273 1741 1264 1015 1000 1230 1811 1280 1648 1479 1899 1238 1923 1763 1054 1761 1362 1511 1347 1063 1541 1837 1426 1725 1635 1962 1879 1744 1892 1934 1687 1274 1028 1559 1079 1218 1092 1932 1537 1311 1820 1497 1258 1873 1022 1027 1840 1871 1016 1428 1483 1447 1653 1789 1472 1583 1969 1570 1242 1041 1977 1334 1792 1247 1643 1948 1729 1268 1580 1626 1741 1543 1482 1758 1751 1522 1833 1901 1564 1865 1924 1854 1265 1371 1707 1221 1160 1275 1521 1362 1539 1079 1213 1148 1049 1584 1697 1417 1937 1247 1471 1544 1977 1563 1129 1028 1327 1586 1401 1499 1132 1275 1746 1064 1119 1809 1038 1380 1997 1527 1362 1371 1922 1652 1474 1005 1818 1456 1928 1007 1833 1018 1427 1950 1707 1237 1411 1605 1343 1248 1426 1968 1357 1911 1297 1864 1877 1512 1636 1543 1399 1346 1723 1161 1949 1332 1291 1567 1366 1316 1229 1289 1951 1224 1766 1137 1298 1711 1135 1319 1561 1472 1267 1484 1958 1866 1547 
22 15919 1562 1009 1760 1041 1510 1692 1815 1428 1745 1192 1728 1836 1260 1773 1610 1500 1301 1775 1179 1814 1959 1778 1015 1147 1022 1685 1020 1988 1827 1586 1474 1847 1526 1864 1898 1648 1366 1234 1291 1464 1431 1024 1416 1264 1530 1148 1003 1938 1255 1560 1516 1624 1114 1467 1634 1876 1157 1083 1120 1699 1994 1204 1214 1987 1607 1390 1216 1391 1871 1029 1424 1150 1188 1064 1061 1917 1131 1678 1369 1108 1521 1694 1514 1811 1832 1994 1466 1781 1321 1725 1496 1552 1821 1581 1469 1207 1564 1930 1567 1820 1971 1090 1612 1114 1796 1506 1638 1371 1543 1134 1876 1105 1554 1799 1799 1548 1675 1817 1389 1477 1917 1652 1280 1402 1996 1899 1938 1663 1184 1374 1528 1451 1362 1578 1622 1298 1675 1341 1419 1057 1722 1901 1615 1910 1653 1219 1588 1431 1107 1800 1062 1236 1379 1808 1885 1259 1738 1751 1101 1165 1285 1519 1957 1960 1270 1060 1006 1302 1275 1468 1959 1563 1153 1773 1455 1163 1154 1203 1381 1211 1120 1211 1926 1987 1174 1045 1006 1288 1800 1131 1219 1180 1714 1068 1995 1177 1457 1508 1094 1383 1078 1692 1093 1634 1854 1949 1048 1159 1420 1908 1957 1798 1239 1728 1203 1313 1800 1122 1619 1813 1463 1442 1333 1832 1354 1632 1063 1088 1211 1301 1999 1452 1596 1725 1937 1170 1371 1036 1826 1849 1848 1397 1379 1256 1521 1432 1897 1455 1785 1702 
23 19808 1477 1453 1703 1540 1793 1364 1319 1444 1123 1167 1272 1367 1632 1937 1952 1510 1311 1226 1571 1802 1763 1015 1312 1542 1494 1267 1900 1114 1726 1863 1835 1354 1226 1614 1079 1374 1183 1888 1229 1785 1044 1005 1841 1864 1638 1990 1806 1552 1812 1791 1310 1688 1356 1629 1421 1381 1501 1627 1820 1937 1772 1378 1719 1240 1473 1616 1488 1988 1590 1627 1022 1706 1393 1579 1399 1926 1508 1414 1825 1451 1763 1451 1430 1101 1561 1385 1929 1856 1085 1797 1684 1798 1098 1874 1195 1751 1640 1459 1559 1043 1377 1112 1921 1275 1906 1326 1443 1524 1788 1556 1847 1867 1586 1225 1025 1645 1701 1348 1786 1376 1273 1946 1240 1701 1940 1897 1873 1304 1733 1382 1832 1178 1879 1586 1449 1167 1815 1802 1550 1179 1164 1604 1561 1981 1988 1240 1961 1976 1064 1901 1094 1878 1499 1022 1893 1684 1438 1274 1522 1845 1160 1404 1499 1062 1339 1571 1290 1585 1756 1346 1952 1443 1233 1024 1814 1505 1082 1405 1759 1777 1846 1707 1114 1833 1603 1753 1703 1812 1639 1114 1066 1852 1739 1324 1409 1396 1906 1871 1281 1265 1772 1081 1537 1899 1492 1568 1607 1684 1389 1413 1597 1764 1148 1710 1262 1242 1832 1653 1388 1186 1496 1806 1586 1333 1692 1724 1070 1911 1633 1572 1417 1474 1314 1906 1852 1161 1350 1264 1099 1291 1834 1733 1309 1685 1979 1137 1111 1638 1838 1012 
24 13210 1170 1005 1427 1138 1191 1819 1500 1186 1330 1581 1046 1403 1283 1847 1854 1343 1511 1616 1312 1744 1200 1147 1542 1936 1870 1022 1317 1830 1649 1966 1644 1370 1484 1039 1848 1009 1236 1505 1098 1875 1118 1426 1605 1632 1749 1620 1385 1318 1254 1494 1389 1083 1680 1904 1531 1222 1526 1714 1653 1413 1646 1194 1948 1568 1325 1921 1881 1201 1801 1342 1132 1719 1017 1645 1595 1545 1874 1108 1974 1473 1792 1570 1981 1174 1823 1184 1704 1238 1136 1117 1142 1685 1123 1333 1458 1329 1929 1146 1980 1909 1678 1662 1468 1400 1170 1796 1698 1398 1353 1013 1877 1992 1320 1435 1929 1036 1138 1488 1183 1207 1278 1743 1490 1781 1928 1090 1306 1511 1977 1925 1763 1527 1939 1492 1276 1659 1610 1035 1695 1090 1737 1931 1553 1746 1472 1438 1429 1326 1903 1234 1965 1384 1437 1391 1559 1365 1317 1952 1278 1001 1056 1749 1007 1975 1066 1639 1383 1265 1274 1799 1528 1053 1983 1241 1119 1640 1787 1213 1837 1235 1802 1619 1706 1057 1005 1137 1367 1635 1949 1188 1818 1718 1656 1391 1643 1711 1947 1694 1272 1021 1007 1804 1291 1249 1455 1103 1345 1607 1710 1673 1661 1480 1925 1623 1715 1542 1277 1340 1087 1317 1891 1847 1026 1614 1177 1905 1760 1717 1874 1025 1081 1759 1558 1052 1237 1171 1922 1456 1661 1614 1593 1012 1568 1315 1768 1007 1960 1188 1458 1640 
25 10496 1172 1243 1920 1333 1852 1891 1145 1041 1355 1842 1857 1157 1137 1981 1412 1925 1654 1211 1203 1929 1477 1022 1494 1870 1672 1615 1762 1657 1669 1925 1625 1601 1512 1546 1786 1606 1346 1584 1822 1775 1843 1561 1023 1149 1658 1695 1706 1381 1520 1234 1314 1064 1376 1658 1958 1741 1489 1002 1544 1125 1898 1109 1169 1568 1144 1070 1908 1297 1675 1647 1676 1469 1822 1954 1307 1552 1769 1179 1512 1079 1411 1632 1868 1307 1517 1891 1496 1805 1090 1335 1588 1498 1342 1848 1434 1217 1192 1958 1106 1264 1675 1218 1456 1041 1195 1089 1592 1264 1004 1116 1468 1795 1831 1676 1772 1625 1053 1080 1738 1041 1327 1308 1069 1501 1080 1165 1600 1261 1767 1127 1875 1268 1304 1671 1288 1367 1580 1362 1944 1340 1457 1483 1895 1822 1158 1489 1912 1609 1459 1054 1449 1403 1585 1018 1942 1515 1216 1991 1125 1571 1509 1902 1492 1732 1550 1287 1577 1480 1127 1572 1210 1488 1249 1164 1392 1608 1298 1597 1957 1509 1239 1546 1675 1003 1779 1969 1946 1577 1889 1160 1752 1170 1594 1014 1014 1730 1436 1254 1009 1571 1517 1928 1019 1075 1533 1946 1842 1755 1690 1934 1354 1227 1930 1199 1743 1109 1355 1071 1599 1381 1268 1417 1504 1242 1724 1600 1281 1997 1012 1666 1553 1986 1962 1043 1779 1121 1495 1526 1409 1024 1304 1841 1334 1326 1099 1559 1262 1145 1292 1641 
26 12012 1246 1714 1985 1466 1034 1327 1337 1393 1844 1488 1491 1565 1309 1273 1315 1406 1180 1638 1087 1661 1970 1685 1267 1022 1615 1276 1554 1409 1684 1125 1135 1203 1913 1920 1362 1524 1458 1226 1205 1937 1681 1305 1350 1506 1536 1331 1642 1065 1907 1022 1346 1079 1123 1692 1098 1402 1833 1269 1978 1691 1878 1312 1595 1772 1312 1544 1600 1734 1254 1951 1522 1035 1697 1961 1346 1394 1951 1749 1736 1756 1865 1189 1300 1119 1495 1485 1813 1484 1359 1023 1803 1725 1952 1455 1402 1663 1661 1573 1873 1109 1754 1974 1717 1171 1581 1079 1761 1603 1659 1506 1150 1475 1782 1355 1623 1946 1832 1419 1010 1421 1422 1855 1323 1878 1053 1361 1384 1638 1923 1362 1357 1367 1049 1267 1128 1582 1866 1306 1906 1455 1949 1988 1978 1187 1013 1708 1008 1730 1867 1541 1790 1155 1447 1741 1865 1423 1612 1991 1902 1866 1844 1926 1261 1134 1515 1957 1623 1913 1869 1946 1120 1177 1390 1735 1847 1262 1694 1088 1178 1551 1615 1057 1788 1034 1640 1311 1783 1541 1337 1467 1849 1921 1951 1935 1824 1942 1807 1328 1603 1216 1687 1957 1778 1901 1834 1446 1914 1478 1741 1995 1889 1392 1372 1329 1170 1812 1988 1854 1468 1318 1220 1063 1647 1783 1551 1715 1316 1228 1861 1818 1998 1948 1196 1954 1281 1666 1413 1973 1869 1020 1854 1583 1926 1146 1716 1874 1631 1650 1262 1312 
27 13368 1317 1646 1036 1368 1308 1672 1801 1622 1679 1953 1472 1077 1624 1959 1255 1359 1690 1702 1564 1139 1763 1020 1900 1317 1762 1554 1747 1535 1212 1250 1839 1734 1250 1041 1336 1896 1025 1270 1972 1058 1211 1065 1419 1540 1328 1930 1477 1512 1662 1108 1609 1505 1368 1400 1115 1009 1286 1840 1725 1835 1501 1145 1883 1370 1177 1330 1517 1411 1700 1413 1557 1713 1654 1597 1011 1909 1675 1850 1846 1976 1699 1284 1484 1879 1639 1235 1178 1563 1032 1461 1058 1955 1676 1348 1115 1110 1793 1549 1926 1187 1751 1951 1381 1382 1867 1372 1200 1496 1339 1910 1529 1289 1818 1333 1381 1259 1674 1427 1220 1036 1461 1711 1457 1012 1635 1406 1139 1388 1049 1093 1627 1285 1244 1940 1525 1068 1092 1921 1651 1559 1797 1925 1335 1273 1799 1167 1816 1348 1617 1798 1026 1320 1143 1135 1539 1403 1438 1401 1968 1418 1551 1390 1589 1048 1399 1968 1478 1557 1225 1802 1933 1636 1684 1239 1479 1534 1077 1728 1211 1129 1767 1700 1787 1092 1302 1309 1829 1807 1295 1941 1020 1194 1565 1897 1687 1101 1594 1152 1134 1414 1819 1607 1525 1546 1792 1729 1582 1457 1745 1991 1894 1867 1578 1016 1101 1808 1821 1838 1755 1185 1578 1170 1120 1494 1011 1104 1702 1349 1362 1143 1795 1985 1083 1958 1808 1390 1069 1802 1673 1211 1550 1960 1100 1109 1662 1164 1973 1705 1234 1362 
28 16554 1135 1615 1007 1886 1557 1354 1531 1464 1794 1782 1113 1592 1590 1779 1842 1582 1539 1038 1843 1582 1339 1988 1114 1830 1657 1409 1535 1779 1812 1759 1497 1875 1464 1532 1322 1978 1393 1121 1168 1400 1882 1509 1073 1550 1617 1397 1185 1742 1896 1672 1970 1681 1788 1088 1813 1802 1738 1548 1770 1109 1678 1914 1790 1677 1157 1733 1142 1458 1532 1798 1366 1566 1740 1944 1514 1690 1697 1983 1957 1782 1846 1195 1552 1693 1879 1267 1437 1898 1181 1098 1250 1982 1014 1370 1041 1020 1980 1290 1660 1537 1782 1419 1909 1176 1832 1980 1234 1754 1726 1562 1237 1841 1116 1627 1797 1533 1015 1710 1068 1577 1069 1744 1149 1481 1816 1394 1701 1805 1477 1817 1285 1245 1301 1757 1724 1701 1994 1363 1240 1968 1276 1667 1677 1211 1079 1099 1567 1875 1433 1957 1336 1199 1565 1247 1429 1974 1233 1783 1623 1716 1851 1961 1328 1894 1404 1118 1142 1394 1716 1873 1447 1839 1075 1361 1335 1965 1764 1771 1626 1669 1527 1080 1276 1908 1487 1404 1957 1108 1573 1868 1072 1216 1958 1398 1009 1079 1562 1340 1902 1289 1145 1319 1676 1155 1009 1240 1678 1959 1859 1838 1647 1149 1844 1681 1330 1631 1311 1037 1506 1812 1298 1509 1714 1550 1312 1837 1453 1671 1403 1791 1148 1203 1084 1542 1653 1987 1118 1428 1575 1829 1703 1521 1209 1831 1091 1894 1345 1072 1167 1006 
29 17569 1352 1519 1625 1769 1497 1616 1773 1696 1499 1827 1245 1604 1259 1497 1301 1371 1411 1243 1080 1431 1936 1827 1726 1649 1669 1684 1212 1812 1296 1029 1097 1624 1747 1084 1017 1691 1828 1709 1371 1433 1731 1992 1415 1011 1684 1601 1585 1306 1991 1297 1077 1795 1510 1128 1385 1576 1720 1843 1196 1295 1052 1540 1557 1283 1612 1100 1708 1661 1986 1420 1510 1712 1253 1984 1841 1290 1879 1811 1898 1553 1645 1294 1792 1797 1264 1975 1351 1682 1844 1782 1529 1613 1852 1764 1341 1578 1736 1843 1714 1207 1863 1632 1171 1350 1928 1833 1755 1935 1485 1258 1088 1407 1769 1005 1984 1513 1451 1804 1518 1732 1492 1084 1954 1110 1750 1789 1436 1802 1488 1452 1866 1080 1459 1598 1847 1117 1696 1965 1123 1299 1697 1609 1405 1363 1125 1398 1001 1144 1712 1946 1147 1197 1498 1506 1452 1092 1082 1858 1359 1654 1021 1722 1030 1935 1053 1725 1563 1188 1280 1466 1942 1638 1991 1685 1633 1326 1256 1095 1223 1802 1967 1887 1027 1957 1473 1459 1037 1767 1464 1374 1157 1241 1268 1103 1102 1336 1207 1580 1875 1145 1182 1076 1242 1117 1123 1466 1084 1602 1484 1376 1063 1501 1419 1272 1480 1297 1811 1013 1753 1256 1794 1891 1411 1074 1941 1705 1007 1752 1765 1881 1870 1978 1687 1192 1081 1808 1132 1087 1605 1909 1914 1177 1962 1164 1552 1898 1358 1908 1687 1891 
30 16756 1911 1575 1966 1983 1431 1020 1870 1181 1012 1991 1767 1269 1172 1869 1439 1032 1370 1081 1043 1412 1089 1586 1863 1966 1925 1125 1250 1759 1029 1580 1250 1125 1230 1072 1537 1291 1706 1557 1851 1508 1166 1081 1861 1866 1551 1686 1338 1839 1570 1366 1433 1089 1394 1620 1130 1720 1046 1890 1057 1476 1911 1670 1293 1944 1256 1558 1333 1280 1186 1034 1871 1492 1912 1255 1550 1809 1773 1635 1341 1169 1889 1502 1707 1362 1865 1602 1200 1852 1460 1745 1660 1805 1597 1363 1665 1374 1664 1264 1386 1750 1469 1370 1510 1025 1791 1707 1383 1384 1903 1444 1024 1681 1998 1250 1186 1900 1911 1752 1088 1559 1044 1385 1013 1570 1903 1400 1387 1596 1156 1327 1535 1433 1607 1658 1738 1451 1014 1050 1769 1615 1124 1809 1550 1135 1869 1950 1098 1263 1100 1617 1405 1267 1778 1125 1417 1123 1030 1430 1764 1949 1968 1289 1400 1719 1684 1900 1803 1273 1324 1306 1898 1178 1653 1331 1363 1448 1003 1349 1455 1669 1030 1650 1039 1556 1171 1689 1953 1468 1210 1009 1382 1927 1868 1101 1384 1651 1812 1002 1236 1150 1996 1899 1744 1409 1736 1519 1189 1692 1431 1600 1049 1991 1332 1211 1161 1161 1262 1207 1484 1269 1704 1597 1106 1181 1153 1117 1669 1932 1140 1777 1848 1895 1836 1662 1058 1297 1653 1786 1036 1095 1718 1261 1453 1758 1666 1566 1225 1977 1623 1212 
31 16534 1437 1993 1513 1734 1425 1397 1237 1307 1753 1410 1687 1563 1323 1503 1445 1247 1773 1428 1957 1195 1538 1474 1835 1644 1625 1135 1839 1497 1097 1250 1845 1808 1561 1085 1518 1654 1101 1220 1919 1842 1942 1734 1481 1182 1833 1376 1490 1713 1454 1191 1044 1959 1297 1023 1156 1726 1887 1963 1052 1357 1648 1886 1169 1847 1177 1747 1901 1729 1220 1781 1626 1128 1125 1266 1034 1901 1057 1013 1291 1257 1749 1225 1078 1780 1079 1894 1028 1236 1252 1390 1592 1098 1861 1388 1873 1178 1622 1802 1449 1272 1048 1879 1724 1237 1856 1101 1838 1393 1386 1066 1658 1658 1804 1987 1896 1338 1386 1984 1871 1950 1646 1804 1957 1011 1607 1148 1244 1188 1984 1242 1437 1705 1566 1822 1539 1441 1573 1175 1332 1589 1276 1412 1207 1319 1659 1611 1351 1322 1401 1990 1840 1655 1959 1781 1667 1794 1045 1934 1227 1296 1256 1340 1299 1983 1162 1699 1053 1039 1620 1706 1113 1951 1591 1713 1211 1676 1259 1509 1453 1953 1713 1394 1746 1168 1990 1179 1394 1672 1742 1296 1420 1954 1335 1650 1621 1591 1629 1381 1905 1367 1247 1194 1932 1474 1601 1407 1596 1193 1456 1376 1369 1980 1321 1454 1056 1340 1440 1139 1970 1407 1671 1566 1080 1643 1026 1006 1149 1546 1165 1519 1391 1789 1611 1419 1698 1680 1981 1718 1947 1368 1007 1189 1421 1688 1625 1215 1893 1048 1920 1082 
